{
 "cells": [
  {
   "cell_type": "markdown",
   "metadata": {},
   "source": [
    "# Understanding Over & Underfitting\n",
    "## Predicting Boston Housing Prices"
   ]
  },
  {
   "cell_type": "markdown",
   "metadata": {},
   "source": [
    "## Getting Started\n",
    "In this project, you will use the Boston Housing Prices dataset to build several models to predict the prices of homes with particular qualities from the suburbs of Boston, MA.\n",
    "We will build models with several different parameters, which will change the goodness of fit for each. "
   ]
  },
  {
   "cell_type": "markdown",
   "metadata": {},
   "source": [
    "---\n",
    "## Data Exploration\n",
    "Since we want to predict the value of houses, the **target variable**, `'MEDV'`, will be the variable we seek to predict."
   ]
  },
  {
   "cell_type": "markdown",
   "metadata": {},
   "source": [
    "### Import and explore the data. Clean the data for outliers and missing values. "
   ]
  },
  {
   "cell_type": "code",
   "execution_count": 1,
   "metadata": {},
   "outputs": [
    {
     "data": {
      "text/html": [
       "<div>\n",
       "<style scoped>\n",
       "    .dataframe tbody tr th:only-of-type {\n",
       "        vertical-align: middle;\n",
       "    }\n",
       "\n",
       "    .dataframe tbody tr th {\n",
       "        vertical-align: top;\n",
       "    }\n",
       "\n",
       "    .dataframe thead th {\n",
       "        text-align: right;\n",
       "    }\n",
       "</style>\n",
       "<table border=\"1\" class=\"dataframe\">\n",
       "  <thead>\n",
       "    <tr style=\"text-align: right;\">\n",
       "      <th></th>\n",
       "      <th>crim</th>\n",
       "      <th>zn</th>\n",
       "      <th>indus</th>\n",
       "      <th>chas</th>\n",
       "      <th>nox</th>\n",
       "      <th>rm</th>\n",
       "      <th>age</th>\n",
       "      <th>dis</th>\n",
       "      <th>rad</th>\n",
       "      <th>tax</th>\n",
       "      <th>ptratio</th>\n",
       "      <th>black</th>\n",
       "      <th>lstat</th>\n",
       "      <th>medv</th>\n",
       "    </tr>\n",
       "  </thead>\n",
       "  <tbody>\n",
       "    <tr>\n",
       "      <th>0</th>\n",
       "      <td>0.15876</td>\n",
       "      <td>0.0</td>\n",
       "      <td>10.81</td>\n",
       "      <td>0.0</td>\n",
       "      <td>0.413</td>\n",
       "      <td>5.961</td>\n",
       "      <td>17.5</td>\n",
       "      <td>5.2873</td>\n",
       "      <td>4.0</td>\n",
       "      <td>305.0</td>\n",
       "      <td>19.2</td>\n",
       "      <td>376.94</td>\n",
       "      <td>9.88</td>\n",
       "      <td>21.7</td>\n",
       "    </tr>\n",
       "    <tr>\n",
       "      <th>1</th>\n",
       "      <td>0.10328</td>\n",
       "      <td>25.0</td>\n",
       "      <td>5.13</td>\n",
       "      <td>0.0</td>\n",
       "      <td>0.453</td>\n",
       "      <td>5.927</td>\n",
       "      <td>47.2</td>\n",
       "      <td>6.9320</td>\n",
       "      <td>8.0</td>\n",
       "      <td>284.0</td>\n",
       "      <td>19.7</td>\n",
       "      <td>396.90</td>\n",
       "      <td>9.22</td>\n",
       "      <td>19.6</td>\n",
       "    </tr>\n",
       "    <tr>\n",
       "      <th>2</th>\n",
       "      <td>0.34940</td>\n",
       "      <td>0.0</td>\n",
       "      <td>9.90</td>\n",
       "      <td>0.0</td>\n",
       "      <td>0.544</td>\n",
       "      <td>5.972</td>\n",
       "      <td>76.7</td>\n",
       "      <td>3.1025</td>\n",
       "      <td>4.0</td>\n",
       "      <td>304.0</td>\n",
       "      <td>18.4</td>\n",
       "      <td>396.24</td>\n",
       "      <td>9.97</td>\n",
       "      <td>20.3</td>\n",
       "    </tr>\n",
       "    <tr>\n",
       "      <th>3</th>\n",
       "      <td>2.73397</td>\n",
       "      <td>0.0</td>\n",
       "      <td>19.58</td>\n",
       "      <td>0.0</td>\n",
       "      <td>0.871</td>\n",
       "      <td>5.597</td>\n",
       "      <td>94.9</td>\n",
       "      <td>1.5257</td>\n",
       "      <td>5.0</td>\n",
       "      <td>403.0</td>\n",
       "      <td>14.7</td>\n",
       "      <td>351.85</td>\n",
       "      <td>21.45</td>\n",
       "      <td>15.4</td>\n",
       "    </tr>\n",
       "    <tr>\n",
       "      <th>4</th>\n",
       "      <td>0.04337</td>\n",
       "      <td>21.0</td>\n",
       "      <td>5.64</td>\n",
       "      <td>0.0</td>\n",
       "      <td>0.439</td>\n",
       "      <td>6.115</td>\n",
       "      <td>63.0</td>\n",
       "      <td>6.8147</td>\n",
       "      <td>4.0</td>\n",
       "      <td>243.0</td>\n",
       "      <td>16.8</td>\n",
       "      <td>393.97</td>\n",
       "      <td>9.43</td>\n",
       "      <td>20.5</td>\n",
       "    </tr>\n",
       "    <tr>\n",
       "      <th>...</th>\n",
       "      <td>...</td>\n",
       "      <td>...</td>\n",
       "      <td>...</td>\n",
       "      <td>...</td>\n",
       "      <td>...</td>\n",
       "      <td>...</td>\n",
       "      <td>...</td>\n",
       "      <td>...</td>\n",
       "      <td>...</td>\n",
       "      <td>...</td>\n",
       "      <td>...</td>\n",
       "      <td>...</td>\n",
       "      <td>...</td>\n",
       "      <td>...</td>\n",
       "    </tr>\n",
       "    <tr>\n",
       "      <th>399</th>\n",
       "      <td>9.32909</td>\n",
       "      <td>0.0</td>\n",
       "      <td>18.10</td>\n",
       "      <td>0.0</td>\n",
       "      <td>0.713</td>\n",
       "      <td>6.185</td>\n",
       "      <td>98.7</td>\n",
       "      <td>2.2616</td>\n",
       "      <td>24.0</td>\n",
       "      <td>666.0</td>\n",
       "      <td>20.2</td>\n",
       "      <td>396.90</td>\n",
       "      <td>18.13</td>\n",
       "      <td>14.1</td>\n",
       "    </tr>\n",
       "    <tr>\n",
       "      <th>400</th>\n",
       "      <td>51.13580</td>\n",
       "      <td>0.0</td>\n",
       "      <td>18.10</td>\n",
       "      <td>0.0</td>\n",
       "      <td>0.597</td>\n",
       "      <td>5.757</td>\n",
       "      <td>100.0</td>\n",
       "      <td>1.4130</td>\n",
       "      <td>24.0</td>\n",
       "      <td>666.0</td>\n",
       "      <td>20.2</td>\n",
       "      <td>2.60</td>\n",
       "      <td>10.11</td>\n",
       "      <td>15.0</td>\n",
       "    </tr>\n",
       "    <tr>\n",
       "      <th>401</th>\n",
       "      <td>0.01501</td>\n",
       "      <td>90.0</td>\n",
       "      <td>1.21</td>\n",
       "      <td>1.0</td>\n",
       "      <td>0.401</td>\n",
       "      <td>7.923</td>\n",
       "      <td>24.8</td>\n",
       "      <td>5.8850</td>\n",
       "      <td>1.0</td>\n",
       "      <td>198.0</td>\n",
       "      <td>13.6</td>\n",
       "      <td>395.52</td>\n",
       "      <td>3.16</td>\n",
       "      <td>50.0</td>\n",
       "    </tr>\n",
       "    <tr>\n",
       "      <th>402</th>\n",
       "      <td>0.02055</td>\n",
       "      <td>85.0</td>\n",
       "      <td>0.74</td>\n",
       "      <td>0.0</td>\n",
       "      <td>0.410</td>\n",
       "      <td>6.383</td>\n",
       "      <td>35.7</td>\n",
       "      <td>9.1876</td>\n",
       "      <td>2.0</td>\n",
       "      <td>313.0</td>\n",
       "      <td>17.3</td>\n",
       "      <td>396.90</td>\n",
       "      <td>5.77</td>\n",
       "      <td>24.7</td>\n",
       "    </tr>\n",
       "    <tr>\n",
       "      <th>403</th>\n",
       "      <td>0.08244</td>\n",
       "      <td>30.0</td>\n",
       "      <td>4.93</td>\n",
       "      <td>0.0</td>\n",
       "      <td>0.428</td>\n",
       "      <td>6.481</td>\n",
       "      <td>18.5</td>\n",
       "      <td>6.1899</td>\n",
       "      <td>6.0</td>\n",
       "      <td>300.0</td>\n",
       "      <td>16.6</td>\n",
       "      <td>379.41</td>\n",
       "      <td>6.36</td>\n",
       "      <td>23.7</td>\n",
       "    </tr>\n",
       "  </tbody>\n",
       "</table>\n",
       "<p>404 rows × 14 columns</p>\n",
       "</div>"
      ],
      "text/plain": [
       "         crim    zn  indus  chas    nox     rm    age     dis   rad    tax  \\\n",
       "0     0.15876   0.0  10.81   0.0  0.413  5.961   17.5  5.2873   4.0  305.0   \n",
       "1     0.10328  25.0   5.13   0.0  0.453  5.927   47.2  6.9320   8.0  284.0   \n",
       "2     0.34940   0.0   9.90   0.0  0.544  5.972   76.7  3.1025   4.0  304.0   \n",
       "3     2.73397   0.0  19.58   0.0  0.871  5.597   94.9  1.5257   5.0  403.0   \n",
       "4     0.04337  21.0   5.64   0.0  0.439  6.115   63.0  6.8147   4.0  243.0   \n",
       "..        ...   ...    ...   ...    ...    ...    ...     ...   ...    ...   \n",
       "399   9.32909   0.0  18.10   0.0  0.713  6.185   98.7  2.2616  24.0  666.0   \n",
       "400  51.13580   0.0  18.10   0.0  0.597  5.757  100.0  1.4130  24.0  666.0   \n",
       "401   0.01501  90.0   1.21   1.0  0.401  7.923   24.8  5.8850   1.0  198.0   \n",
       "402   0.02055  85.0   0.74   0.0  0.410  6.383   35.7  9.1876   2.0  313.0   \n",
       "403   0.08244  30.0   4.93   0.0  0.428  6.481   18.5  6.1899   6.0  300.0   \n",
       "\n",
       "     ptratio   black  lstat  medv  \n",
       "0       19.2  376.94   9.88  21.7  \n",
       "1       19.7  396.90   9.22  19.6  \n",
       "2       18.4  396.24   9.97  20.3  \n",
       "3       14.7  351.85  21.45  15.4  \n",
       "4       16.8  393.97   9.43  20.5  \n",
       "..       ...     ...    ...   ...  \n",
       "399     20.2  396.90  18.13  14.1  \n",
       "400     20.2    2.60  10.11  15.0  \n",
       "401     13.6  395.52   3.16  50.0  \n",
       "402     17.3  396.90   5.77  24.7  \n",
       "403     16.6  379.41   6.36  23.7  \n",
       "\n",
       "[404 rows x 14 columns]"
      ]
     },
     "execution_count": 1,
     "metadata": {},
     "output_type": "execute_result"
    }
   ],
   "source": [
    "import pandas as pd\n",
    "import numpy as np\n",
    "data=pd.read_csv('../data/boston_data.csv')\n",
    "data"
   ]
  },
  {
   "cell_type": "code",
   "execution_count": 2,
   "metadata": {},
   "outputs": [
    {
     "name": "stdout",
     "output_type": "stream",
     "text": [
      "<class 'pandas.core.frame.DataFrame'>\n",
      "RangeIndex: 404 entries, 0 to 403\n",
      "Data columns (total 14 columns):\n",
      " #   Column   Non-Null Count  Dtype  \n",
      "---  ------   --------------  -----  \n",
      " 0   crim     404 non-null    float64\n",
      " 1   zn       404 non-null    float64\n",
      " 2   indus    404 non-null    float64\n",
      " 3   chas     404 non-null    float64\n",
      " 4   nox      404 non-null    float64\n",
      " 5   rm       404 non-null    float64\n",
      " 6   age      404 non-null    float64\n",
      " 7   dis      404 non-null    float64\n",
      " 8   rad      404 non-null    float64\n",
      " 9   tax      404 non-null    float64\n",
      " 10  ptratio  404 non-null    float64\n",
      " 11  black    404 non-null    float64\n",
      " 12  lstat    404 non-null    float64\n",
      " 13  medv     404 non-null    float64\n",
      "dtypes: float64(14)\n",
      "memory usage: 44.3 KB\n"
     ]
    }
   ],
   "source": [
    "data.info()\n",
    "#no missing values"
   ]
  },
  {
   "cell_type": "code",
   "execution_count": 3,
   "metadata": {},
   "outputs": [
    {
     "data": {
      "text/html": [
       "<div>\n",
       "<style scoped>\n",
       "    .dataframe tbody tr th:only-of-type {\n",
       "        vertical-align: middle;\n",
       "    }\n",
       "\n",
       "    .dataframe tbody tr th {\n",
       "        vertical-align: top;\n",
       "    }\n",
       "\n",
       "    .dataframe thead th {\n",
       "        text-align: right;\n",
       "    }\n",
       "</style>\n",
       "<table border=\"1\" class=\"dataframe\">\n",
       "  <thead>\n",
       "    <tr style=\"text-align: right;\">\n",
       "      <th></th>\n",
       "      <th>crim</th>\n",
       "      <th>zn</th>\n",
       "      <th>indus</th>\n",
       "      <th>chas</th>\n",
       "      <th>nox</th>\n",
       "      <th>rm</th>\n",
       "      <th>age</th>\n",
       "      <th>dis</th>\n",
       "      <th>rad</th>\n",
       "      <th>tax</th>\n",
       "      <th>ptratio</th>\n",
       "      <th>black</th>\n",
       "      <th>lstat</th>\n",
       "      <th>medv</th>\n",
       "    </tr>\n",
       "  </thead>\n",
       "  <tbody>\n",
       "    <tr>\n",
       "      <th>count</th>\n",
       "      <td>404.000000</td>\n",
       "      <td>404.000000</td>\n",
       "      <td>404.000000</td>\n",
       "      <td>404.000000</td>\n",
       "      <td>404.000000</td>\n",
       "      <td>404.00000</td>\n",
       "      <td>404.000000</td>\n",
       "      <td>404.000000</td>\n",
       "      <td>404.000000</td>\n",
       "      <td>404.000000</td>\n",
       "      <td>404.000000</td>\n",
       "      <td>404.000000</td>\n",
       "      <td>404.000000</td>\n",
       "      <td>404.000000</td>\n",
       "    </tr>\n",
       "    <tr>\n",
       "      <th>mean</th>\n",
       "      <td>3.730912</td>\n",
       "      <td>10.509901</td>\n",
       "      <td>11.189901</td>\n",
       "      <td>0.069307</td>\n",
       "      <td>0.556710</td>\n",
       "      <td>6.30145</td>\n",
       "      <td>68.601733</td>\n",
       "      <td>3.799666</td>\n",
       "      <td>9.836634</td>\n",
       "      <td>411.688119</td>\n",
       "      <td>18.444554</td>\n",
       "      <td>355.068243</td>\n",
       "      <td>12.598936</td>\n",
       "      <td>22.312376</td>\n",
       "    </tr>\n",
       "    <tr>\n",
       "      <th>std</th>\n",
       "      <td>8.943922</td>\n",
       "      <td>22.053733</td>\n",
       "      <td>6.814909</td>\n",
       "      <td>0.254290</td>\n",
       "      <td>0.117321</td>\n",
       "      <td>0.67583</td>\n",
       "      <td>28.066143</td>\n",
       "      <td>2.109916</td>\n",
       "      <td>8.834741</td>\n",
       "      <td>171.073553</td>\n",
       "      <td>2.150295</td>\n",
       "      <td>94.489572</td>\n",
       "      <td>6.925173</td>\n",
       "      <td>8.837019</td>\n",
       "    </tr>\n",
       "    <tr>\n",
       "      <th>min</th>\n",
       "      <td>0.006320</td>\n",
       "      <td>0.000000</td>\n",
       "      <td>0.460000</td>\n",
       "      <td>0.000000</td>\n",
       "      <td>0.392000</td>\n",
       "      <td>3.56100</td>\n",
       "      <td>2.900000</td>\n",
       "      <td>1.169100</td>\n",
       "      <td>1.000000</td>\n",
       "      <td>187.000000</td>\n",
       "      <td>12.600000</td>\n",
       "      <td>0.320000</td>\n",
       "      <td>1.730000</td>\n",
       "      <td>5.000000</td>\n",
       "    </tr>\n",
       "    <tr>\n",
       "      <th>25%</th>\n",
       "      <td>0.082382</td>\n",
       "      <td>0.000000</td>\n",
       "      <td>5.190000</td>\n",
       "      <td>0.000000</td>\n",
       "      <td>0.453000</td>\n",
       "      <td>5.90275</td>\n",
       "      <td>45.800000</td>\n",
       "      <td>2.087875</td>\n",
       "      <td>4.000000</td>\n",
       "      <td>281.000000</td>\n",
       "      <td>17.375000</td>\n",
       "      <td>374.710000</td>\n",
       "      <td>7.135000</td>\n",
       "      <td>17.100000</td>\n",
       "    </tr>\n",
       "    <tr>\n",
       "      <th>50%</th>\n",
       "      <td>0.253715</td>\n",
       "      <td>0.000000</td>\n",
       "      <td>9.795000</td>\n",
       "      <td>0.000000</td>\n",
       "      <td>0.538000</td>\n",
       "      <td>6.23050</td>\n",
       "      <td>76.600000</td>\n",
       "      <td>3.207450</td>\n",
       "      <td>5.000000</td>\n",
       "      <td>330.000000</td>\n",
       "      <td>19.000000</td>\n",
       "      <td>391.065000</td>\n",
       "      <td>11.265000</td>\n",
       "      <td>21.400000</td>\n",
       "    </tr>\n",
       "    <tr>\n",
       "      <th>75%</th>\n",
       "      <td>4.053158</td>\n",
       "      <td>12.500000</td>\n",
       "      <td>18.100000</td>\n",
       "      <td>0.000000</td>\n",
       "      <td>0.631000</td>\n",
       "      <td>6.62925</td>\n",
       "      <td>94.150000</td>\n",
       "      <td>5.222125</td>\n",
       "      <td>24.000000</td>\n",
       "      <td>666.000000</td>\n",
       "      <td>20.200000</td>\n",
       "      <td>396.007500</td>\n",
       "      <td>16.910000</td>\n",
       "      <td>25.000000</td>\n",
       "    </tr>\n",
       "    <tr>\n",
       "      <th>max</th>\n",
       "      <td>88.976200</td>\n",
       "      <td>95.000000</td>\n",
       "      <td>27.740000</td>\n",
       "      <td>1.000000</td>\n",
       "      <td>0.871000</td>\n",
       "      <td>8.78000</td>\n",
       "      <td>100.000000</td>\n",
       "      <td>12.126500</td>\n",
       "      <td>24.000000</td>\n",
       "      <td>711.000000</td>\n",
       "      <td>22.000000</td>\n",
       "      <td>396.900000</td>\n",
       "      <td>34.370000</td>\n",
       "      <td>50.000000</td>\n",
       "    </tr>\n",
       "  </tbody>\n",
       "</table>\n",
       "</div>"
      ],
      "text/plain": [
       "             crim          zn       indus        chas         nox         rm  \\\n",
       "count  404.000000  404.000000  404.000000  404.000000  404.000000  404.00000   \n",
       "mean     3.730912   10.509901   11.189901    0.069307    0.556710    6.30145   \n",
       "std      8.943922   22.053733    6.814909    0.254290    0.117321    0.67583   \n",
       "min      0.006320    0.000000    0.460000    0.000000    0.392000    3.56100   \n",
       "25%      0.082382    0.000000    5.190000    0.000000    0.453000    5.90275   \n",
       "50%      0.253715    0.000000    9.795000    0.000000    0.538000    6.23050   \n",
       "75%      4.053158   12.500000   18.100000    0.000000    0.631000    6.62925   \n",
       "max     88.976200   95.000000   27.740000    1.000000    0.871000    8.78000   \n",
       "\n",
       "              age         dis         rad         tax     ptratio       black  \\\n",
       "count  404.000000  404.000000  404.000000  404.000000  404.000000  404.000000   \n",
       "mean    68.601733    3.799666    9.836634  411.688119   18.444554  355.068243   \n",
       "std     28.066143    2.109916    8.834741  171.073553    2.150295   94.489572   \n",
       "min      2.900000    1.169100    1.000000  187.000000   12.600000    0.320000   \n",
       "25%     45.800000    2.087875    4.000000  281.000000   17.375000  374.710000   \n",
       "50%     76.600000    3.207450    5.000000  330.000000   19.000000  391.065000   \n",
       "75%     94.150000    5.222125   24.000000  666.000000   20.200000  396.007500   \n",
       "max    100.000000   12.126500   24.000000  711.000000   22.000000  396.900000   \n",
       "\n",
       "            lstat        medv  \n",
       "count  404.000000  404.000000  \n",
       "mean    12.598936   22.312376  \n",
       "std      6.925173    8.837019  \n",
       "min      1.730000    5.000000  \n",
       "25%      7.135000   17.100000  \n",
       "50%     11.265000   21.400000  \n",
       "75%     16.910000   25.000000  \n",
       "max     34.370000   50.000000  "
      ]
     },
     "execution_count": 3,
     "metadata": {},
     "output_type": "execute_result"
    }
   ],
   "source": [
    "data.describe()"
   ]
  },
  {
   "cell_type": "code",
   "execution_count": 4,
   "metadata": {},
   "outputs": [],
   "source": [
    "# there seem to be a lot of outliers judging from the differences between the means and max of each column"
   ]
  },
  {
   "cell_type": "code",
   "execution_count": 5,
   "metadata": {
    "scrolled": true
   },
   "outputs": [
    {
     "data": {
      "text/html": [
       "<div>\n",
       "<style scoped>\n",
       "    .dataframe tbody tr th:only-of-type {\n",
       "        vertical-align: middle;\n",
       "    }\n",
       "\n",
       "    .dataframe tbody tr th {\n",
       "        vertical-align: top;\n",
       "    }\n",
       "\n",
       "    .dataframe thead th {\n",
       "        text-align: right;\n",
       "    }\n",
       "</style>\n",
       "<table border=\"1\" class=\"dataframe\">\n",
       "  <thead>\n",
       "    <tr style=\"text-align: right;\">\n",
       "      <th></th>\n",
       "      <th>crim</th>\n",
       "      <th>zn</th>\n",
       "      <th>indus</th>\n",
       "      <th>chas</th>\n",
       "      <th>nox</th>\n",
       "      <th>rm</th>\n",
       "      <th>age</th>\n",
       "      <th>dis</th>\n",
       "      <th>rad</th>\n",
       "      <th>tax</th>\n",
       "      <th>ptratio</th>\n",
       "      <th>black</th>\n",
       "      <th>lstat</th>\n",
       "      <th>medv</th>\n",
       "    </tr>\n",
       "  </thead>\n",
       "  <tbody>\n",
       "    <tr>\n",
       "      <th>crim</th>\n",
       "      <td>1.000000</td>\n",
       "      <td>-0.194770</td>\n",
       "      <td>0.404249</td>\n",
       "      <td>-0.060688</td>\n",
       "      <td>0.405290</td>\n",
       "      <td>-0.172226</td>\n",
       "      <td>0.349288</td>\n",
       "      <td>-0.376493</td>\n",
       "      <td>0.603044</td>\n",
       "      <td>0.565047</td>\n",
       "      <td>0.292092</td>\n",
       "      <td>-0.377436</td>\n",
       "      <td>0.428940</td>\n",
       "      <td>-0.400956</td>\n",
       "    </tr>\n",
       "    <tr>\n",
       "      <th>zn</th>\n",
       "      <td>-0.194770</td>\n",
       "      <td>1.000000</td>\n",
       "      <td>-0.532268</td>\n",
       "      <td>-0.037290</td>\n",
       "      <td>-0.497114</td>\n",
       "      <td>0.302404</td>\n",
       "      <td>-0.546587</td>\n",
       "      <td>0.659018</td>\n",
       "      <td>-0.311313</td>\n",
       "      <td>-0.289332</td>\n",
       "      <td>-0.371315</td>\n",
       "      <td>0.176350</td>\n",
       "      <td>-0.412075</td>\n",
       "      <td>0.355608</td>\n",
       "    </tr>\n",
       "    <tr>\n",
       "      <th>indus</th>\n",
       "      <td>0.404249</td>\n",
       "      <td>-0.532268</td>\n",
       "      <td>1.000000</td>\n",
       "      <td>0.059928</td>\n",
       "      <td>0.760913</td>\n",
       "      <td>-0.353589</td>\n",
       "      <td>0.630048</td>\n",
       "      <td>-0.702583</td>\n",
       "      <td>0.616375</td>\n",
       "      <td>0.722828</td>\n",
       "      <td>0.356549</td>\n",
       "      <td>-0.378189</td>\n",
       "      <td>0.608309</td>\n",
       "      <td>-0.501698</td>\n",
       "    </tr>\n",
       "    <tr>\n",
       "      <th>chas</th>\n",
       "      <td>-0.060688</td>\n",
       "      <td>-0.037290</td>\n",
       "      <td>0.059928</td>\n",
       "      <td>1.000000</td>\n",
       "      <td>0.100650</td>\n",
       "      <td>0.090146</td>\n",
       "      <td>0.084852</td>\n",
       "      <td>-0.103124</td>\n",
       "      <td>-0.022561</td>\n",
       "      <td>-0.043708</td>\n",
       "      <td>-0.121835</td>\n",
       "      <td>0.042580</td>\n",
       "      <td>-0.041061</td>\n",
       "      <td>0.141400</td>\n",
       "    </tr>\n",
       "    <tr>\n",
       "      <th>nox</th>\n",
       "      <td>0.405290</td>\n",
       "      <td>-0.497114</td>\n",
       "      <td>0.760913</td>\n",
       "      <td>0.100650</td>\n",
       "      <td>1.000000</td>\n",
       "      <td>-0.266114</td>\n",
       "      <td>0.728882</td>\n",
       "      <td>-0.762469</td>\n",
       "      <td>0.612115</td>\n",
       "      <td>0.660607</td>\n",
       "      <td>0.166715</td>\n",
       "      <td>-0.393876</td>\n",
       "      <td>0.587573</td>\n",
       "      <td>-0.439225</td>\n",
       "    </tr>\n",
       "    <tr>\n",
       "      <th>rm</th>\n",
       "      <td>-0.172226</td>\n",
       "      <td>0.302404</td>\n",
       "      <td>-0.353589</td>\n",
       "      <td>0.090146</td>\n",
       "      <td>-0.266114</td>\n",
       "      <td>1.000000</td>\n",
       "      <td>-0.210589</td>\n",
       "      <td>0.178700</td>\n",
       "      <td>-0.173222</td>\n",
       "      <td>-0.241733</td>\n",
       "      <td>-0.323330</td>\n",
       "      <td>0.128410</td>\n",
       "      <td>-0.578025</td>\n",
       "      <td>0.683541</td>\n",
       "    </tr>\n",
       "    <tr>\n",
       "      <th>age</th>\n",
       "      <td>0.349288</td>\n",
       "      <td>-0.546587</td>\n",
       "      <td>0.630048</td>\n",
       "      <td>0.084852</td>\n",
       "      <td>0.728882</td>\n",
       "      <td>-0.210589</td>\n",
       "      <td>1.000000</td>\n",
       "      <td>-0.734915</td>\n",
       "      <td>0.467341</td>\n",
       "      <td>0.503830</td>\n",
       "      <td>0.231820</td>\n",
       "      <td>-0.276469</td>\n",
       "      <td>0.602001</td>\n",
       "      <td>-0.390863</td>\n",
       "    </tr>\n",
       "    <tr>\n",
       "      <th>dis</th>\n",
       "      <td>-0.376493</td>\n",
       "      <td>0.659018</td>\n",
       "      <td>-0.702583</td>\n",
       "      <td>-0.103124</td>\n",
       "      <td>-0.762469</td>\n",
       "      <td>0.178700</td>\n",
       "      <td>-0.734915</td>\n",
       "      <td>1.000000</td>\n",
       "      <td>-0.503471</td>\n",
       "      <td>-0.526938</td>\n",
       "      <td>-0.206016</td>\n",
       "      <td>0.306445</td>\n",
       "      <td>-0.500912</td>\n",
       "      <td>0.264876</td>\n",
       "    </tr>\n",
       "    <tr>\n",
       "      <th>rad</th>\n",
       "      <td>0.603044</td>\n",
       "      <td>-0.311313</td>\n",
       "      <td>0.616375</td>\n",
       "      <td>-0.022561</td>\n",
       "      <td>0.612115</td>\n",
       "      <td>-0.173222</td>\n",
       "      <td>0.467341</td>\n",
       "      <td>-0.503471</td>\n",
       "      <td>1.000000</td>\n",
       "      <td>0.917344</td>\n",
       "      <td>0.487733</td>\n",
       "      <td>-0.468700</td>\n",
       "      <td>0.499279</td>\n",
       "      <td>-0.423508</td>\n",
       "    </tr>\n",
       "    <tr>\n",
       "      <th>tax</th>\n",
       "      <td>0.565047</td>\n",
       "      <td>-0.289332</td>\n",
       "      <td>0.722828</td>\n",
       "      <td>-0.043708</td>\n",
       "      <td>0.660607</td>\n",
       "      <td>-0.241733</td>\n",
       "      <td>0.503830</td>\n",
       "      <td>-0.526938</td>\n",
       "      <td>0.917344</td>\n",
       "      <td>1.000000</td>\n",
       "      <td>0.465997</td>\n",
       "      <td>-0.462250</td>\n",
       "      <td>0.542732</td>\n",
       "      <td>-0.495792</td>\n",
       "    </tr>\n",
       "    <tr>\n",
       "      <th>ptratio</th>\n",
       "      <td>0.292092</td>\n",
       "      <td>-0.371315</td>\n",
       "      <td>0.356549</td>\n",
       "      <td>-0.121835</td>\n",
       "      <td>0.166715</td>\n",
       "      <td>-0.323330</td>\n",
       "      <td>0.231820</td>\n",
       "      <td>-0.206016</td>\n",
       "      <td>0.487733</td>\n",
       "      <td>0.465997</td>\n",
       "      <td>1.000000</td>\n",
       "      <td>-0.194891</td>\n",
       "      <td>0.351408</td>\n",
       "      <td>-0.506313</td>\n",
       "    </tr>\n",
       "    <tr>\n",
       "      <th>black</th>\n",
       "      <td>-0.377436</td>\n",
       "      <td>0.176350</td>\n",
       "      <td>-0.378189</td>\n",
       "      <td>0.042580</td>\n",
       "      <td>-0.393876</td>\n",
       "      <td>0.128410</td>\n",
       "      <td>-0.276469</td>\n",
       "      <td>0.306445</td>\n",
       "      <td>-0.468700</td>\n",
       "      <td>-0.462250</td>\n",
       "      <td>-0.194891</td>\n",
       "      <td>1.000000</td>\n",
       "      <td>-0.388913</td>\n",
       "      <td>0.360071</td>\n",
       "    </tr>\n",
       "    <tr>\n",
       "      <th>lstat</th>\n",
       "      <td>0.428940</td>\n",
       "      <td>-0.412075</td>\n",
       "      <td>0.608309</td>\n",
       "      <td>-0.041061</td>\n",
       "      <td>0.587573</td>\n",
       "      <td>-0.578025</td>\n",
       "      <td>0.602001</td>\n",
       "      <td>-0.500912</td>\n",
       "      <td>0.499279</td>\n",
       "      <td>0.542732</td>\n",
       "      <td>0.351408</td>\n",
       "      <td>-0.388913</td>\n",
       "      <td>1.000000</td>\n",
       "      <td>-0.742695</td>\n",
       "    </tr>\n",
       "    <tr>\n",
       "      <th>medv</th>\n",
       "      <td>-0.400956</td>\n",
       "      <td>0.355608</td>\n",
       "      <td>-0.501698</td>\n",
       "      <td>0.141400</td>\n",
       "      <td>-0.439225</td>\n",
       "      <td>0.683541</td>\n",
       "      <td>-0.390863</td>\n",
       "      <td>0.264876</td>\n",
       "      <td>-0.423508</td>\n",
       "      <td>-0.495792</td>\n",
       "      <td>-0.506313</td>\n",
       "      <td>0.360071</td>\n",
       "      <td>-0.742695</td>\n",
       "      <td>1.000000</td>\n",
       "    </tr>\n",
       "  </tbody>\n",
       "</table>\n",
       "</div>"
      ],
      "text/plain": [
       "             crim        zn     indus      chas       nox        rm       age  \\\n",
       "crim     1.000000 -0.194770  0.404249 -0.060688  0.405290 -0.172226  0.349288   \n",
       "zn      -0.194770  1.000000 -0.532268 -0.037290 -0.497114  0.302404 -0.546587   \n",
       "indus    0.404249 -0.532268  1.000000  0.059928  0.760913 -0.353589  0.630048   \n",
       "chas    -0.060688 -0.037290  0.059928  1.000000  0.100650  0.090146  0.084852   \n",
       "nox      0.405290 -0.497114  0.760913  0.100650  1.000000 -0.266114  0.728882   \n",
       "rm      -0.172226  0.302404 -0.353589  0.090146 -0.266114  1.000000 -0.210589   \n",
       "age      0.349288 -0.546587  0.630048  0.084852  0.728882 -0.210589  1.000000   \n",
       "dis     -0.376493  0.659018 -0.702583 -0.103124 -0.762469  0.178700 -0.734915   \n",
       "rad      0.603044 -0.311313  0.616375 -0.022561  0.612115 -0.173222  0.467341   \n",
       "tax      0.565047 -0.289332  0.722828 -0.043708  0.660607 -0.241733  0.503830   \n",
       "ptratio  0.292092 -0.371315  0.356549 -0.121835  0.166715 -0.323330  0.231820   \n",
       "black   -0.377436  0.176350 -0.378189  0.042580 -0.393876  0.128410 -0.276469   \n",
       "lstat    0.428940 -0.412075  0.608309 -0.041061  0.587573 -0.578025  0.602001   \n",
       "medv    -0.400956  0.355608 -0.501698  0.141400 -0.439225  0.683541 -0.390863   \n",
       "\n",
       "              dis       rad       tax   ptratio     black     lstat      medv  \n",
       "crim    -0.376493  0.603044  0.565047  0.292092 -0.377436  0.428940 -0.400956  \n",
       "zn       0.659018 -0.311313 -0.289332 -0.371315  0.176350 -0.412075  0.355608  \n",
       "indus   -0.702583  0.616375  0.722828  0.356549 -0.378189  0.608309 -0.501698  \n",
       "chas    -0.103124 -0.022561 -0.043708 -0.121835  0.042580 -0.041061  0.141400  \n",
       "nox     -0.762469  0.612115  0.660607  0.166715 -0.393876  0.587573 -0.439225  \n",
       "rm       0.178700 -0.173222 -0.241733 -0.323330  0.128410 -0.578025  0.683541  \n",
       "age     -0.734915  0.467341  0.503830  0.231820 -0.276469  0.602001 -0.390863  \n",
       "dis      1.000000 -0.503471 -0.526938 -0.206016  0.306445 -0.500912  0.264876  \n",
       "rad     -0.503471  1.000000  0.917344  0.487733 -0.468700  0.499279 -0.423508  \n",
       "tax     -0.526938  0.917344  1.000000  0.465997 -0.462250  0.542732 -0.495792  \n",
       "ptratio -0.206016  0.487733  0.465997  1.000000 -0.194891  0.351408 -0.506313  \n",
       "black    0.306445 -0.468700 -0.462250 -0.194891  1.000000 -0.388913  0.360071  \n",
       "lstat   -0.500912  0.499279  0.542732  0.351408 -0.388913  1.000000 -0.742695  \n",
       "medv     0.264876 -0.423508 -0.495792 -0.506313  0.360071 -0.742695  1.000000  "
      ]
     },
     "execution_count": 5,
     "metadata": {},
     "output_type": "execute_result"
    }
   ],
   "source": [
    "# we check with the correlation matrix whether the variables are relevant to explain mdev\n",
    "data.corr()"
   ]
  },
  {
   "cell_type": "code",
   "execution_count": 6,
   "metadata": {},
   "outputs": [],
   "source": [
    "data.drop('chas', inplace=True, axis=1)"
   ]
  },
  {
   "cell_type": "markdown",
   "metadata": {},
   "source": [
    "### Next, we want to explore the data. Pick several varibables you think will be ost correlated with the prices of homes in Boston, and create plots that show the data dispersion as well as the regression line of best fit."
   ]
  },
  {
   "cell_type": "code",
   "execution_count": 7,
   "metadata": {},
   "outputs": [
    {
     "data": {
      "text/plain": [
       "Index(['crim', 'zn', 'indus', 'nox', 'rm', 'age', 'dis', 'rad', 'tax',\n",
       "       'ptratio', 'black', 'lstat', 'medv'],\n",
       "      dtype='object')"
      ]
     },
     "execution_count": 7,
     "metadata": {},
     "output_type": "execute_result"
    }
   ],
   "source": [
    "data.columns"
   ]
  },
  {
   "cell_type": "code",
   "execution_count": 8,
   "metadata": {},
   "outputs": [
    {
     "data": {
